channel C P D detID mageID detName isEnr
690 1 6 4 1426620 1000604 P42662A 1
692 1 2 1 28474 1000201 B8474 0
640 1 2 3 1426650 1000203 P42665A 1
694 1 4 4 28465 1000404 B8465 0
592 1 7 4 1425370 1000704 P42537A 1
594 1 7 3 1426621 1000703 P42662B 1
614 1 4 5 28469 1000405 B8469 0
578 1 1 4 1425380 1000104 P42538A 1
688 1 4 3 28463 1000403 B8463 0
582 1 1 2 1425750 1000102 P42575A 1
624 1 4 1 28455 1000401 B8455 0
678 1 5 2 1425751 1000502 P42575B 1
608 1 3 3 1425381 1000303 P42538B 1
632 1 6 1 1425742 1000601 P42574C 1
664 1 3 4 1425730 1000304 P42573A 1
616 1 3 1 28480 1000301 B8480 0
672 1 5 3 1426610 1000503 P42661A 1
600 1 7 1 28482 1000701 B8482 0
628 1 4 2 28470 1000402 B8470 0
580 1 1 3 1426612 1000103 P42661C 1
598 1 7 2 1425741 1000702 P42574B 1
610 1 3 2 1426980 1000302 P42698A 1
626 1 6 3 1425740 1000603 P42574A 1
648 1 2 2 1426640 1000202 P42664A 1
