Scanning DS-5c
detInfoProc: this is GAT branch master, commit ef52431
DS 5c Results, 2018/5/14
Veto Runtime (d) : 11.1268
Veto Deadtime (d) : 0.0130126
Module 1:
Runtime (d) : 11.1268
Number of runs: 278
LN Deadtime (d) : 0.11875 +/- 0.0106725
Active Enr Mass (kg): 12.631 Active Nat Mass (kg): 3.352
Best Enr Exposure (kg-d): 138.393 +/- 2.03166
Unc w/o active mass : +/- 2.18408e-06
Best Nat Exposure (kg-d): 36.8318 +/- 0.846069
Unc w/o active mass : +/- 9.60701e-08
Module 2:
Runtime (d) : 11.1268
Number of runs: 278
LN Deadtime (d): 0.137766 (0.0123815)
Active Enr Mass (kg): 4.332 Active Nat Mass (kg): 4.518
Best Enr Exposure (kg-d) : 36.4357 +/- 0.506658
Unc w/o active mass +/- :5.56467e-09
Best Nat Exposure (kg-d): 49.4861 +/- 1.13912
Unc w/o active mass +/- :3.04985e-07
Detector summary with best (H or L) gain and deadtime correction :
Chan DetID A.M.(kg) Runtime(d) Livetime(d) LT-Expo(kg-d) LT-Expo-Unc AvgLTFrac LTUnc[s] NRuns
584 1425730 1.024 11.1268 10.9948 11.2587 0.1539 0.98769 0.03921 278
592 1426610 0.632 11.1268 10.9947 6.9486 0.1209 0.98768 0.03921 278
598 1425751 0.730 11.1268 10.9904 8.0230 0.1209 0.98730 0.03920 278
608 1425381 0.949 11.1268 10.7021 10.1563 0.1391 0.96066 0.03839 278
610 1426980 0.886 11.1268 10.9507 9.7023 0.1314 0.98373 0.03904 278
614 28469 0.557 11.1268 10.9674 6.1088 0.1426 0.98523 0.03913 278
624 28455 0.558 11.1268 10.9948 6.1351 0.1429 0.98769 0.03921 278
626 1425740 0.701 11.1268 10.9943 7.7070 0.1209 0.98764 0.03921 278
628 28470 0.564 11.1268 10.9822 6.1939 0.1428 0.98652 0.03918 278
632 1425742 0.732 11.1268 10.9948 8.0482 0.1209 0.98769 0.03921 278
640 1426650 0.659 11.1268 10.9877 7.2409 0.1209 0.98703 0.03919 278
648 1426640 0.723 11.1268 10.9949 7.9493 0.1209 0.98770 0.03922 278
658 1425380 0.968 11.1268 10.9739 10.6227 0.1427 0.98576 0.03915 278
660 1426612 0.811 11.1268 10.9605 8.8890 0.1315 0.98453 0.03910 278
662 1425750 0.979 11.1268 10.9648 10.7345 0.1425 0.98492 0.03912 278
672 1425370 0.964 11.1268 10.9943 10.5985 0.1429 0.98764 0.03921 278
674 1426621 0.591 11.1268 10.9945 6.4956 0.0990 0.98766 0.03921 278
678 1425741 0.710 11.1268 10.8839 7.7275 0.1197 0.97740 0.03889 278
680 28482 0.561 11.1268 10.9947 6.1680 0.1429 0.98768 0.03921 278
688 28463 0.567 11.1268 10.9944 6.2338 0.1429 0.98765 0.03921 278
690 1426620 0.572 11.1268 10.9944 6.2910 0.1033 0.98765 0.03921 278
694 28465 0.545 11.1268 10.9945 5.9920 0.1319 0.98766 0.03921 278
1106 28594 0.559 11.1268 10.9609 6.1271 0.1425 0.98113 0.03897 278
1120 28466 0.566 11.1268 10.9326 6.1879 0.1421 0.97859 0.03886 278
1124 28459 0.556 11.1268 10.9263 6.0750 0.1420 0.97801 0.03884 278
1128 28576 0.562 11.1268 10.9336 6.1447 0.1421 0.97869 0.03886 278
1170 28607 0.558 11.1268 10.9687 6.1206 0.1426 0.98182 0.03901 278
1172 1427491 0.852 11.1268 10.9754 9.3511 0.1207 0.98244 0.03903 278
1174 28481 0.581 11.1268 10.9688 6.3729 0.1426 0.98183 0.03901 278
1176 1427490 0.872 11.1268 10.9753 9.5705 0.1317 0.98242 0.03903 278
1208 28456 0.579 11.1268 10.9577 6.3445 0.1424 0.98078 0.03898 278
1298 1429091 0.775 11.1268 10.9755 8.5060 0.1317 0.98244 0.03903 278
1302 1427120 0.802 10.2165 10.0665 8.0733 0.1107 0.98098 0.04073 255
1330 28487 0.557 11.1268 10.9757 6.1135 0.1427 0.98246 0.03903 278
1332 1428531 1.031 0.9081 0.9068 0.9349 0.0118 0.99855 0.14210 22
Channel livetime averages (d) - All 10.6298 Best 10.6521 HG 10.6298 LG 10.6298
Channel livetime avg unc (d) - All 0.2004 Best 0.2838 HG 0.2004 LG 0.2004
Total average fractional livetime (all channels) : 0.982072
Total average fractional livetime uncertainty : 0.077548
Deadtime summary (percent, sum deadtime (sec), sum runtime (sec)):
Hardware HG: 4.5362e-01 1.4827e+05 3.2686e+07
Hardware LG: 3.6751e-01 1.2012e+05 3.2686e+07
Hardware OR/Best: 2.0466e-01 6.6894e+04 3.2686e+07
Pulser HG: 7.1993e-04 2.3532e+02 3.2686e+07
Pulser LG: 6.9881e-04 2.2841e+02 3.2686e+07
Pulser OR/Best HG: 7.2183e-04 2.3594e+02 3.2686e+07
LN Fill HG: 2.2551e+00 7.3711e+05 3.2686e+07
LN Fill OR/Best: 1.1276e+00 3.6856e+05 3.2686e+07
Muon Veto HG: 2.3390e-01 7.6451e+04 3.2686e+07
Muon Veto OR/Best: 1.1695e-01 3.8226e+04 3.2686e+07
All-channel summary (no deadtime corrections) :
Chan DetID A.M.(kg) Runtime(d) RT-Expo(kg-d)
584 1425730 1.024 11.1268 11.2094
585 1425730 1.024 11.1268 11.2111
592 1426610 0.632 11.1268 6.9461
593 1426610 0.632 11.1268 6.9477
598 1425751 0.730 11.1268 8.0008
599 1425751 0.730 11.1268 8.0054
608 1425381 0.949 11.1268 10.0622
609 1425381 0.949 11.1268 9.8855
610 1426980 0.886 11.1268 9.6836
611 1426980 0.886 11.1268 9.6994
614 28469 0.557 11.1268 6.1088
615 28469 0.557 11.1268 6.1089
624 28455 0.558 11.1268 6.1349
625 28455 0.558 11.1268 6.1339
626 1425740 0.701 11.1268 7.6980
627 1425740 0.701 11.1268 7.6937
628 28470 0.564 11.1268 6.1904
629 28470 0.564 11.1268 6.1937
632 1425742 0.732 11.1268 8.0462
633 1425742 0.732 11.1268 8.0480
640 1426650 0.659 11.1268 7.2220
641 1426650 0.659 11.1268 7.2224
648 1426640 0.723 11.1268 7.8934
649 1426640 0.723 11.1268 7.9248
658 1425380 0.968 11.1268 10.6095
659 1425380 0.968 11.1268 10.6031
660 1426612 0.811 11.1268 8.8863
661 1426612 0.811 11.1268 8.8868
662 1425750 0.979 11.1268 10.7219
663 1425750 0.979 11.1268 10.7294
672 1425370 0.964 11.1268 10.5853
673 1425370 0.964 11.1268 10.5976
674 1426621 0.591 11.1268 6.4943
675 1426621 0.591 11.1268 6.4954
678 1425741 0.710 11.1268 7.7036
679 1425741 0.710 11.1268 7.6702
680 28482 0.561 11.1268 6.1659
681 28482 0.561 11.1268 6.1677
688 28463 0.567 11.1268 6.2331
689 28463 0.567 11.1268 6.2285
690 1426620 0.572 11.1268 6.2874
691 1426620 0.572 11.1268 6.2909
694 28465 0.545 11.1268 5.9894
695 28465 0.545 11.1268 5.9911
1106 28594 0.559 11.1268 6.1108
1107 28594 0.559 11.1268 6.1115
1120 28466 0.566 11.1268 6.1863
1121 28466 0.566 11.1268 6.1870
1124 28459 0.556 11.1268 5.8218
1125 28459 0.556 11.1268 6.0730
1128 28576 0.562 11.1268 6.1424
1129 28576 0.562 11.1268 6.1444
1170 28607 0.558 11.1268 6.1198
1171 28607 0.558 11.1268 6.1176
1172 1427491 0.852 11.1268 9.3499
1173 1427491 0.852 11.1268 9.3505
1174 28481 0.581 11.1268 6.3687
1175 28481 0.581 11.1268 6.3707
1176 1427490 0.872 11.1268 9.5640
1177 1427490 0.872 11.1268 9.5701
1208 28456 0.579 11.1268 6.3445
1209 28456 0.579 11.1268 6.3445
1298 1429091 0.775 11.1268 8.5053
1299 1429091 0.775 11.1268 8.5030
1302 1427120 0.802 10.2165 8.0722
1303 1427120 0.802 10.2165 8.0726
1330 28487 0.557 11.1268 6.1127
1331 28487 0.557 11.1268 6.1130
1332 1428531 1.031 0.9081 0.9326
1333 1428531 1.031 0.9081 0.9348
