Scanning BLIND DS-5
detInfoProc: this is GAT branch master, commit 794b9f8
DS 5 Results, 2018/5/17
Veto Runtime (d) : 35.0879
Veto Deadtime (d) : 0.0405231
Module 1:
Runtime (d) : 35.0881
Number of runs: 867
LN Deadtime (d) : 0.431794 +/- 0.012306
Active Enr Mass (kg): 12.631 Active Nat Mass (kg): 3.352
Best Enr Exposure (kg-d): 433.137 +/- 6.36113
Unc w/o active mass : +/- 3.86769e-05
Best Nat Exposure (kg-d): 115.958 +/- 2.6637
Unc w/o active mass : +/- 2.70585e-07
Module 2:
Runtime (d) : 35.0881
Number of runs: 867
LN Deadtime (d): 0.426319 (0.01215)
Active Enr Mass (kg): 4.332 Active Nat Mass (kg): 4.518
Best Enr Exposure (kg-d) : 112.579 +/- 1.56309
Unc w/o active mass +/- :1.5891e-07
Best Nat Exposure (kg-d): 150.425 +/- 3.4643
Unc w/o active mass +/- :1.96772e-05
Detector summary with best (H or L) gain and deadtime correction :
Chan DetID A.M.(kg) Runtime(d) Livetime(d) LT-Expo(kg-d) LT-Expo-Unc AvgLTFrac LTUnc[s] NRuns
584 1425730 1.024 35.0881 31.9636 32.7307 0.4475 0.91250 0.02248 867
592 1426610 0.632 35.0881 34.6156 21.8771 0.3808 0.98625 0.02214 867
598 1425751 0.730 35.0881 34.6081 25.2639 0.3807 0.98604 0.02213 867
608 1425381 0.949 35.0881 33.7843 32.0613 0.4392 0.96249 0.02176 867
610 1426980 0.886 35.0881 34.6148 30.6687 0.4154 0.98622 0.02214 867
614 28469 0.557 35.0881 34.5290 19.2326 0.4489 0.98377 0.02208 867
624 28455 0.558 35.0881 34.6156 19.3155 0.4500 0.98625 0.02214 867
626 1425740 0.701 35.0881 34.6146 24.2648 0.3808 0.98622 0.02214 867
628 28470 0.564 35.0881 34.5728 19.4990 0.4494 0.98503 0.02211 867
632 1425742 0.732 35.0881 34.6156 25.3386 0.3808 0.98625 0.02214 867
640 1426650 0.659 35.0881 34.5621 22.7764 0.3802 0.98472 0.02211 867
648 1426640 0.723 35.0881 34.6156 25.0271 0.3808 0.98625 0.02214 867
658 1425380 0.968 35.0881 34.5228 33.4180 0.4488 0.98360 0.02209 867
660 1426612 0.811 35.0881 34.5023 27.9813 0.4140 0.98301 0.02207 867
662 1425750 0.979 35.0881 34.5099 33.7852 0.4486 0.98323 0.02208 867
672 1425370 0.964 35.0881 34.6156 33.3695 0.4500 0.98625 0.02214 867
674 1426621 0.591 35.0881 34.6144 20.4502 0.3115 0.98622 0.02214 867
678 1425741 0.710 35.0881 34.2498 24.3174 0.3767 0.97580 0.02195 867
680 28482 0.561 35.0881 34.6156 19.4194 0.4500 0.98625 0.02214 867
688 28463 0.567 35.0881 34.6151 19.6268 0.4500 0.98623 0.02214 867
690 1426620 0.572 35.0881 34.6151 19.8068 0.3254 0.98623 0.02214 867
694 28465 0.545 35.0881 34.6147 18.8650 0.4154 0.98622 0.02214 867
1106 28594 0.559 34.4165 33.9665 18.9873 0.4416 0.97926 0.02236 849
1120 28466 0.566 34.4165 33.9495 19.2154 0.4413 0.97876 0.02235 849
1124 28459 0.556 34.4165 33.9179 18.8584 0.4409 0.97784 0.02233 849
1128 28576 0.562 34.4165 33.9667 19.0893 0.4416 0.97926 0.02236 849
1170 28607 0.558 34.4165 33.9226 18.9288 0.4410 0.97798 0.02233 849
1172 1427491 0.852 34.4165 33.9670 28.9399 0.3736 0.97927 0.02236 849
1174 28481 0.581 34.4165 33.9237 19.7096 0.4410 0.97801 0.02233 849
1176 1427490 0.872 34.4165 33.9674 29.6195 0.4076 0.97928 0.02236 849
1208 28456 0.579 34.4165 28.9007 16.7335 0.3757 0.83031 0.02264 849
1298 1429091 0.775 34.4165 33.9415 26.3047 0.4073 0.97853 0.02235 849
1302 1427120 0.802 28.6380 28.2629 22.6668 0.3109 0.98057 0.02452 706
1330 28487 0.557 34.4165 33.9372 18.9030 0.4412 0.97840 0.02235 849
1332 1428531 1.031 5.0019 4.8965 5.0483 0.0637 0.96249 0.05814 124
Channel livetime averages (d) - All 33.0505 Best 33.1059 HG 33.0505 LG 33.0505
Channel livetime avg unc (d) - All 0.6011 Best 0.8518 HG 0.6011 LG 0.6011
Total average fractional livetime (all channels) : 0.974922
Total average fractional livetime uncertainty : 0.0770482
Deadtime summary (percent, sum deadtime (sec), sum runtime (sec)):
Hardware HG: 1.0371e+00 1.0611e+06 1.0231e+08
Hardware LG: 9.7782e-01 1.0004e+06 1.0231e+08
Hardware OR/Best: 8.1693e-01 8.3581e+05 1.0231e+08
Pulser HG: 5.9394e-04 6.0767e+02 1.0231e+08
Pulser LG: 5.7630e-04 5.8962e+02 1.0231e+08
Pulser OR/Best HG: 5.5084e-04 5.6357e+02 1.0231e+08
LN Fill HG: 2.3811e+00 2.4362e+06 1.0231e+08
LN Fill OR/Best: 1.2166e+00 1.2447e+06 1.0231e+08
Muon Veto HG: 2.2932e-01 2.3462e+05 1.0231e+08
Muon Veto OR/Best: 1.1537e-01 1.1804e+05 1.0231e+08
All-channel summary (no deadtime corrections) :
Chan DetID A.M.(kg) Runtime(d) RT-Expo(kg-d)
584 1425730 1.024 35.0881 32.7653
585 1425730 1.024 35.0881 32.7689
592 1426610 0.632 35.0881 21.8695
593 1426610 0.632 35.0881 21.8732
598 1425751 0.730 35.0881 25.1863
599 1425751 0.730 35.0881 25.2082
608 1425381 0.949 35.0881 31.7691
609 1425381 0.949 35.0881 31.1870
610 1426980 0.886 35.0881 30.5866
611 1426980 0.886 35.0881 30.6659
614 28469 0.557 35.0881 19.2326
615 28469 0.557 35.0881 19.2327
624 28455 0.558 35.0881 19.3153
625 28455 0.558 35.0881 19.3090
626 1425740 0.701 35.0881 24.2467
627 1425740 0.701 35.0881 24.2194
628 28470 0.564 35.0881 19.4939
629 28470 0.564 35.0881 19.4978
632 1425742 0.732 35.0881 25.3329
633 1425742 0.732 35.0881 25.3379
640 1426650 0.659 35.0881 22.7197
641 1426650 0.659 35.0881 22.7333
648 1426640 0.723 35.0881 24.8417
649 1426640 0.723 35.0881 24.9446
658 1425380 0.968 35.0881 33.3863
659 1425380 0.968 35.0881 33.3838
660 1426612 0.811 35.0881 27.9796
661 1426612 0.811 35.0881 27.8075
662 1425750 0.979 35.0881 33.7438
663 1425750 0.979 35.0881 33.7723
672 1425370 0.964 35.0881 33.3602
673 1425370 0.964 35.0881 33.3674
674 1426621 0.591 35.0881 20.4478
675 1426621 0.591 35.0881 20.4501
678 1425741 0.710 35.0881 24.2378
679 1425741 0.710 35.0881 24.1314
680 28482 0.561 35.0881 19.4130
681 28482 0.561 35.0881 19.4181
688 28463 0.567 35.0881 19.6246
689 28463 0.567 35.0881 19.6096
690 1426620 0.572 35.0881 19.7897
691 1426620 0.572 35.0881 19.8053
694 28465 0.545 35.0881 18.8559
695 28465 0.545 35.0881 18.8628
1106 28594 0.559 34.4165 18.9887
1107 28594 0.559 34.4165 18.9922
1120 28466 0.566 34.4165 19.2172
1121 28466 0.566 34.4165 19.2244
1124 28459 0.556 34.4165 18.1470
1125 28459 0.556 34.4165 18.8672
1128 28576 0.562 34.4165 19.0895
1129 28576 0.562 34.4165 19.0944
1170 28607 0.558 34.4165 18.9401
1171 28607 0.558 34.4165 18.9354
1172 1427491 0.852 34.4165 28.9499
1173 1427491 0.852 34.4165 28.9529
1174 28481 0.581 34.4165 19.7105
1175 28481 0.581 34.4165 19.7174
1176 1427490 0.872 34.4165 29.6201
1177 1427490 0.872 34.4165 29.6275
1208 28456 0.579 34.4165 16.7830
1209 28456 0.579 34.4165 16.7830
1298 1429091 0.775 34.4165 26.3087
1299 1429091 0.775 34.4165 26.3058
1302 1427120 0.802 28.6380 22.6739
1303 1427120 0.802 28.6380 22.6675
1330 28487 0.557 34.4165 18.9045
1331 28487 0.557 34.4165 18.9054
1332 1428531 1.031 5.0019 5.0410
1333 1428531 1.031 5.0019 5.0523
