Scanning DS-6
detInfoProc: this is GAT branch master, commit c94f3a1
DS 6 Results, 2018/5/17
Veto Runtime (d) : 91.1727
Veto Deadtime (d) : 0.049264
Module 1:
Runtime (d) : 91.1724
Number of runs: 2252
LN Deadtime (d) : 0.892025 +/- 0.00978394
Active Enr Mass (kg): 12.631 Active Nat Mass (kg): 3.352
Best Enr Exposure (kg-d): 1019.8 +/- 14.9685
Unc w/o active mass : +/- 3.96673e-06
Best Nat Exposure (kg-d): 235.26 +/- 5.40605
Unc w/o active mass : +/- 1.07841e-06
Module 2:
Runtime (d) : 91.1724
Number of runs: 2252
LN Deadtime (d): 1.11544 (0.0122344)
Active Enr Mass (kg): 4.78 Active Nat Mass (kg): 4.529
Best Enr Exposure (kg-d) : 346.216 +/- 4.97358
Unc w/o active mass +/- :1.19213e-07
Best Nat Exposure (kg-d): 276.622 +/- 6.36612
Unc w/o active mass +/- :7.50112e-07
Detector summary with best (H or L) gain and deadtime correction :
Chan DetID A.M.(kg) Runtime(d) Livetime(d) LT-Expo(kg-d) LT-Expo-Unc AvgLTFrac LTUnc[s] NRuns
584 1425730 1.024 72.6358 71.9221 73.6483 1.0069 0.98842 0.01542 1795
592 1426610 0.632 88.5426 87.6342 55.3848 0.9640 0.98804 0.01397 2187
598 1425751 0.730 88.5426 87.6340 63.9728 0.9640 0.98803 0.01397 2187
608 1425381 0.949 72.6358 71.9241 68.2560 0.9350 0.98844 0.01542 1795
610 1426980 0.886 79.5331 78.7309 69.7556 0.9448 0.98813 0.01474 1965
614 28469 0.557 82.9424 81.4663 45.3767 1.0591 0.98044 0.01431 2049
624 28455 0.558 72.6358 71.9127 40.1273 0.9349 0.98829 0.01542 1795
626 1425740 0.701 74.5036 73.7802 51.7199 0.8116 0.98851 0.01524 1839
628 28470 0.564 49.6046 49.0745 27.6780 0.6380 0.98740 0.01865 1226
632 1425742 0.732 79.5331 78.7180 57.6216 0.8659 0.98797 0.01474 1965
640 1426650 0.659 91.1724 90.2289 59.4609 0.9925 0.98789 0.01376 2252
648 1426640 0.723 91.1724 90.2300 65.2363 0.9925 0.98790 0.01376 2252
658 1425380 0.968 88.5426 86.9489 84.1665 1.1303 0.98027 0.01385 2187
660 1426612 0.811 91.1724 90.2261 73.1734 1.0827 0.98785 0.01376 2252
662 1425750 0.979 82.9424 82.0904 80.3665 1.0672 0.98795 0.01443 2049
672 1425370 0.964 91.1724 90.2166 86.9688 1.1728 0.98775 0.01376 2252
674 1426621 0.591 70.0981 69.4091 41.0069 0.6247 0.98849 0.01571 1729
678 1425741 0.710 75.3069 74.5583 52.9364 0.8201 0.98832 0.01516 1858
680 28482 0.561 91.1724 90.2058 50.6055 1.1727 0.98763 0.01376 2252
688 28463 0.567 54.3680 53.8522 30.5342 0.7001 0.98874 0.01783 1344
690 1426620 0.572 63.8116 63.1367 36.1268 0.5935 0.98773 0.01644 1577
694 28465 0.545 75.8633 75.1165 40.9385 0.9014 0.98845 0.01509 1874
1106 28594 0.559 52.4730 51.7875 28.9492 0.6732 0.97766 0.01811 1296
1120 28466 0.566 70.5534 69.6730 39.4349 0.9057 0.97868 0.01562 1743
1128 28576 0.562 91.1724 90.0065 50.5836 1.1701 0.97860 0.01374 2252
1170 28607 0.558 23.9460 23.6496 13.1965 0.3074 0.97822 0.02674 595
1172 1427491 0.852 91.1724 89.9974 76.6778 0.9900 0.97850 0.01374 2252
1174 28481 0.581 32.8561 32.4005 18.8247 0.4212 0.97784 0.02293 806
1176 1427490 0.872 91.1724 89.9992 78.4793 1.0800 0.97852 0.01374 2252
1204 1427480 0.917 64.4677 63.6406 58.3584 0.7637 0.97836 0.01634 1591
1208 28456 0.579 44.9122 44.3492 25.6782 0.5765 0.97880 0.01958 1109
1232 28717 0.567 91.1724 90.0032 51.0318 1.1700 0.97856 0.01374 2252
1236 1429090 0.562 89.8397 88.6911 49.8444 0.8869 0.97850 0.01384 2219
1298 1429091 0.775 86.1699 85.0817 65.9383 1.0210 0.97879 0.01413 2128
1302 1427120 0.802 21.3384 21.0948 16.9180 0.2320 0.97984 0.02835 530
1330 28487 0.557 88.9551 87.8324 48.9226 1.1418 0.97875 0.01391 2197
Channel livetime averages (d) - All 73.0729 Best 73.2562 HG 73.0729 LG 73.0729
Channel livetime avg unc (d) - All 2.2668 Best 3.2034 HG 2.2668 LG 2.2668
Total average fractional livetime (all channels) : 0.982793
Total average fractional livetime uncertainty : 0.0765223
Deadtime summary (percent, sum deadtime (sec), sum runtime (sec)):
Hardware HG: 5.3192e-01 1.2262e+06 2.3052e+08
Hardware LG: 1.3064e-01 3.0116e+05 2.3052e+08
Hardware OR/Best: 6.4906e-02 1.4962e+05 2.3052e+08
Pulser HG: 6.5824e-04 1.5174e+03 2.3052e+08
Pulser LG: 6.4126e-04 1.4783e+03 2.3052e+08
Pulser OR/Best HG: 6.6280e-04 1.5279e+03 2.3052e+08
LN Fill HG: 2.0399e+00 4.7025e+06 2.3052e+08
LN Fill OR/Best: 1.0390e+00 2.3952e+06 2.3052e+08
Muon Veto HG: 1.0578e-01 2.4384e+05 2.3052e+08
Muon Veto OR/Best: 5.2896e-02 1.2194e+05 2.3052e+08
All-channel summary (no deadtime corrections) :
Chan DetID A.M.(kg) Runtime(d) RT-Expo(kg-d)
584 1425730 1.024 72.6358 73.6412
585 1425730 1.024 72.6358 73.5662
592 1426610 0.632 88.5426 55.3571
593 1426610 0.632 88.5426 55.3835
598 1425751 0.730 88.5426 63.8063
599 1425751 0.730 88.5426 63.9560
608 1425381 0.949 72.6358 67.1081
609 1425381 0.949 72.6358 68.2550
610 1426980 0.886 79.5331 69.7097
611 1426980 0.886 79.5331 69.7488
614 28469 0.557 82.9424 45.3784
615 28469 0.557 82.9424 45.3787
624 28455 0.558 72.6358 38.5974
625 28455 0.558 72.6358 40.1128
626 1425740 0.701 74.5036 51.7028
627 1425740 0.701 74.5036 51.5958
628 28470 0.564 49.6046 27.6729
629 28470 0.564 49.6046 27.6726
632 1425742 0.732 79.5331 57.4479
633 1425742 0.732 79.5331 57.2411
640 1426650 0.659 91.1724 59.3651
641 1426650 0.659 91.1724 59.4574
648 1426640 0.723 91.1724 64.5972
649 1426640 0.723 91.1724 65.2172
658 1425380 0.968 88.5426 82.9926
659 1425380 0.968 88.5426 83.6234
660 1426612 0.811 91.1724 73.0546
661 1426612 0.811 91.1724 73.1637
662 1425750 0.979 82.9424 80.2352
663 1425750 0.979 82.9424 80.3557
672 1425370 0.964 91.1724 86.9054
673 1425370 0.964 91.1724 86.9263
674 1426621 0.591 70.0981 40.9842
675 1426621 0.591 70.0981 40.9964
678 1425741 0.710 75.3069 52.9176
679 1425741 0.710 75.3069 52.9252
680 28482 0.561 91.1724 50.5871
681 28482 0.561 91.1724 50.6012
688 28463 0.567 54.3680 30.5132
689 28463 0.567 54.3680 30.5316
690 1426620 0.572 63.8116 34.2044
691 1426620 0.572 63.8116 36.1227
694 28465 0.545 75.8633 40.8765
695 28465 0.545 75.8633 40.9374
1106 28594 0.559 52.4730 28.4348
1107 28594 0.559 52.4730 28.9429
1120 28466 0.566 70.5534 39.4482
1121 28466 0.566 70.5534 39.4520
1128 28576 0.562 91.1724 50.6000
1129 28576 0.562 91.1724 50.6062
1170 28607 0.558 23.9460 13.2097
1171 28607 0.558 23.9460 13.2113
1172 1427491 0.852 91.1724 76.6950
1173 1427491 0.852 91.1724 76.7065
1174 28481 0.581 32.8561 18.6940
1175 28481 0.581 32.8561 18.8270
1176 1427490 0.872 91.1724 78.4600
1177 1427490 0.872 91.1724 78.5121
1204 1427480 0.917 64.4677 58.3812
1205 1427480 0.917 64.4677 58.3772
1208 28456 0.579 44.9122 25.6841
1209 28456 0.579 44.9122 25.6861
1232 28717 0.567 91.1724 51.0522
1233 28717 0.567 91.1724 51.0316
1236 1429090 0.562 89.8397 49.7654
1237 1429090 0.562 89.8397 49.8643
1298 1429091 0.775 86.1699 65.9317
1299 1429091 0.775 86.1699 65.9663
1302 1427120 0.802 21.3384 16.9237
1303 1427120 0.802 21.3384 16.9265
1330 28487 0.557 88.9551 48.8926
1331 28487 0.557 88.9551 48.9368
