Scanning BLIND DS-6
detInfoProc: this is GAT branch master, commit c94f3a1
DS 6 Results, 2018/5/17
Veto Runtime (d) : 218.674
Veto Deadtime (d) : 0.098339
Module 1:
Runtime (d) : 218.674
Number of runs: 5378
LN Deadtime (d) : 2.37402 +/- 0.0108564
Active Enr Mass (kg): 12.631 Active Nat Mass (kg): 3.352
Best Enr Exposure (kg-d): 2447.4 +/- 35.9258
Unc w/o active mass : +/- 7.27419e-06
Best Nat Exposure (kg-d): 551.687 +/- 12.674
Unc w/o active mass : +/- 2.28738e-06
Module 2:
Runtime (d) : 218.674
Number of runs: 5378
LN Deadtime (d): 2.87361 (0.0131411)
Active Enr Mass (kg): 4.78 Active Nat Mass (kg): 4.529
Best Enr Exposure (kg-d) : 813.147 +/- 11.6968
Unc w/o active mass +/- :9.66529e-08
Best Nat Exposure (kg-d): 620.664 +/- 14.2956
Unc w/o active mass +/- :9.96535e-07
Detector summary with best (H or L) gain and deadtime correction :
Chan DetID A.M.(kg) Runtime(d) Livetime(d) LT-Expo(kg-d) LT-Expo-Unc AvgLTFrac LTUnc[s] NRuns
584 1425730 1.024 174.3395 172.3279 176.4638 2.4126 0.98743 0.00997 4284
592 1426610 0.632 210.6759 208.2720 131.6279 2.2910 0.98721 0.00907 5181
598 1425751 0.730 210.6759 208.2659 152.0341 2.2909 0.98718 0.00907 5181
608 1425381 0.949 174.3395 172.3308 163.5420 2.2403 0.98745 0.00997 4284
610 1426980 0.886 195.9169 193.6710 171.5925 2.3241 0.98737 0.00941 4812
614 28469 0.557 193.4884 190.2088 105.9463 2.4727 0.98180 0.00940 4761
624 28455 0.558 174.3395 172.3285 96.1593 2.2403 0.98743 0.00997 4284
626 1425740 0.701 182.0228 179.9232 126.1261 1.9792 0.98730 0.00975 4477
628 28470 0.564 108.0723 106.7782 60.2229 1.3881 0.98676 0.01267 2651
632 1425742 0.732 195.9169 193.6424 141.7463 2.1301 0.98723 0.00941 4812
640 1426650 0.659 218.6738 216.1965 142.4735 2.3782 0.98726 0.00890 5378
648 1426640 0.723 218.6738 216.2008 156.3132 2.3782 0.98728 0.00890 5378
658 1425380 0.968 210.6759 207.0648 200.4387 2.6918 0.98153 0.00902 5181
660 1426612 0.811 218.6738 216.1965 175.3354 2.5944 0.98726 0.00890 5378
662 1425750 0.979 193.4884 191.2663 187.2497 2.4865 0.98725 0.00946 4761
672 1425370 0.964 218.6738 216.1989 208.4157 2.8106 0.98727 0.00890 5378
674 1426621 0.591 170.4521 168.4700 99.5321 1.5162 0.98731 0.01008 4188
678 1425741 0.710 186.0033 183.8588 130.5398 2.0224 0.98747 0.00966 4567
680 28482 0.561 218.6738 216.1977 121.2869 2.8106 0.98726 0.00890 5378
688 28463 0.567 121.1497 119.6899 67.8642 1.5560 0.98680 0.01196 2977
690 1426620 0.572 148.6307 146.7506 83.9707 1.3795 0.98622 0.01078 3654
694 28465 0.545 186.0033 183.8661 100.2070 2.2064 0.98751 0.00966 4567
1106 28594 0.559 106.1465 104.7379 58.5485 1.3616 0.97649 0.01277 2609
1120 28466 0.566 155.2378 153.2244 86.7250 1.9919 0.97616 0.01055 3822
1128 28576 0.562 218.3782 215.4014 121.0556 2.8002 0.97679 0.00890 5368
1170 28607 0.558 58.2779 57.4801 32.0739 0.7472 0.97305 0.01721 1438
1172 1427491 0.852 218.3782 215.4045 183.5246 2.3694 0.97681 0.00890 5368
1174 28481 0.581 60.4263 59.4899 34.5636 0.7734 0.97626 0.01691 1479
1176 1427490 0.872 218.3782 215.4055 187.8336 2.5849 0.97681 0.00890 5368
1204 1427480 0.917 139.1377 137.3159 125.9187 1.6478 0.97617 0.01115 3423
1208 28456 0.579 85.0366 83.9071 48.5822 1.0908 0.97628 0.01425 2094
1232 28717 0.567 218.3782 215.4047 122.1345 2.8003 0.97681 0.00890 5368
1236 1429090 0.562 214.7702 211.8340 119.0507 2.1183 0.97675 0.00897 5279
1298 1429091 0.775 204.8566 202.0371 156.5788 2.4244 0.97650 0.00919 5034
1302 1427120 0.802 50.7965 50.1760 40.2411 0.5519 0.97478 0.01847 1253
1330 28487 0.557 212.7467 210.0188 116.9805 2.7302 0.97737 0.00902 5231
Channel livetime averages (d) - All 172.1843 Best 172.5429 HG 172.1843 LG 172.1843
Channel livetime avg unc (d) - All 5.8669 Best 8.2947 HG 5.8669 LG 5.8669
Total average fractional livetime (all channels) : 0.981826
Total average fractional livetime uncertainty : 0.0764528
Deadtime summary (percent, sum deadtime (sec), sum runtime (sec)):
Hardware HG: 4.4366e-01 2.4113e+06 5.4350e+08
Hardware LG: 9.2807e-02 5.0441e+05 5.4350e+08
Hardware OR/Best: 4.4068e-02 2.3951e+05 5.4350e+08
Pulser HG: 3.1907e-04 1.7341e+03 5.4350e+08
Pulser LG: 3.0963e-04 1.6829e+03 5.4350e+08
Pulser OR/Best HG: 3.1862e-04 1.7317e+03 5.4350e+08
LN Fill HG: 2.2890e+00 1.2441e+07 5.4350e+08
LN Fill OR/Best: 1.1635e+00 6.3235e+06 5.4350e+08
Muon Veto HG: 9.4779e-02 5.1512e+05 5.4350e+08
Muon Veto OR/Best: 4.7404e-02 2.5764e+05 5.4350e+08
All-channel summary (no deadtime corrections) :
Chan DetID A.M.(kg) Runtime(d) RT-Expo(kg-d)
584 1425730 1.024 174.3395 176.4547
585 1425730 1.024 174.3395 176.3447
592 1426610 0.632 210.6759 131.6030
593 1426610 0.632 210.6759 131.6268
598 1425751 0.730 210.6759 151.7152
599 1425751 0.730 210.6759 152.0083
608 1425381 0.949 174.3395 160.0913
609 1425381 0.949 174.3395 163.5409
610 1426980 0.886 195.9169 171.5299
611 1426980 0.886 195.9169 171.5910
614 28469 0.557 193.4884 105.9463
615 28469 0.557 193.4884 105.9466
624 28455 0.558 174.3395 93.5315
625 28455 0.558 174.3395 96.1531
626 1425740 0.701 182.0228 126.1085
627 1425740 0.701 182.0228 125.8813
628 28470 0.564 108.0723 60.2172
629 28470 0.564 108.0723 60.2160
632 1425742 0.732 195.9169 141.3190
633 1425742 0.732 195.9169 140.9998
640 1426650 0.659 218.6738 141.9075
641 1426650 0.659 218.6738 142.4661
648 1426640 0.723 218.6738 155.2138
649 1426640 0.723 218.6738 156.2967
658 1425380 0.968 210.6759 198.3390
659 1425380 0.968 210.6759 199.4583
660 1426612 0.811 218.6738 174.9400
661 1426612 0.811 218.6738 175.3173
662 1425750 0.979 193.4884 186.6374
663 1425750 0.979 193.4884 187.2166
672 1425370 0.964 218.6738 208.3418
673 1425370 0.964 218.6738 208.3545
674 1426621 0.591 170.4521 99.4949
675 1426621 0.591 170.4521 99.5203
678 1425741 0.710 186.0033 130.5114
679 1425741 0.710 186.0033 130.5358
680 28482 0.561 218.6738 121.2712
681 28482 0.561 218.6738 121.2825
688 28463 0.567 121.1497 67.7527
689 28463 0.567 121.1497 67.8277
690 1426620 0.572 148.6307 80.5776
691 1426620 0.572 148.6307 83.9598
694 28465 0.545 186.0033 100.1674
695 28465 0.545 186.0033 100.1994
1106 28594 0.559 106.1465 57.3701
1107 28594 0.559 106.1465 58.5636
1120 28466 0.566 155.2378 86.7707
1121 28466 0.566 155.2378 86.7739
1128 28576 0.562 218.3782 121.0971
1129 28576 0.562 218.3782 121.1100
1170 28607 0.558 58.2779 32.1146
1171 28607 0.558 58.2779 32.1159
1172 1427491 0.852 218.3782 183.5964
1173 1427491 0.852 218.3782 183.5999
1174 28481 0.581 60.4263 34.3753
1175 28481 0.581 60.4263 34.5594
1176 1427490 0.872 218.3782 187.7478
1177 1427490 0.872 218.3782 187.9113
1204 1427480 0.917 139.1377 125.9828
1205 1427480 0.917 139.1377 125.9854
1208 28456 0.579 85.0366 48.6078
1209 28456 0.579 85.0366 48.6090
1232 28717 0.567 218.3782 122.1830
1233 28717 0.567 218.3782 122.1787
1236 1429090 0.562 214.7702 118.9984
1237 1429090 0.562 214.7702 119.0981
1298 1429091 0.775 204.8566 156.5095
1299 1429091 0.775 204.8566 156.6432
1302 1427120 0.802 50.7965 40.2665
1303 1427120 0.802 50.7965 40.2691
1330 28487 0.557 212.7467 116.9170
1331 28487 0.557 212.7467 117.0079
