DS0 
42 
FWHM_{238} 
0.770462553 
0.000316567 
43 
FWHM_{240} 
0.773660226 
0.00031463 
44 
FWHM_{277} 
0.821961095 
0.000296634 
45 
FWHM_{300} 
0.851144302 
0.00029516 
46 
FWHM_{583} 
1.173586175 
0.00046511 
47 
FWHM_{727} 
1.319211369 
0.000551418 
48 
FWHM_{860} 
1.446990395 
0.000620882 
49 
FWHM_{2614} 
2.882477132 
0.002034565 

DS1 
42 
FWHM_{238} 
0.760612428 
0.000443543 
43 
FWHM_{240} 
0.76390299 
0.000440681 
44 
FWHM_{277} 
0.813509695 
0.000413119
45 
FWHM_{300} 
0.843401374 
0.000409507 
46 
FWHM_{583} 
1.170913859 
0.000632799 
47 
FWHM_{727} 
1.317736132 
0.000750127 
48 
FWHM_{860} 
1.446208567 
0.000845402 
49 
FWHM_{2614} 
2.879006884 
0.002693949

DS2
42
FWHM_{238}
0.766373908
0.000514163
43
FWHM_{240}
0.769669177
0.000510821
44
FWHM_{277}
0.819414561
0.000477032
45
FWHM_{300}
0.849448689
0.000470619
46
FWHM_{583}
1.181004003
0.000699126
47
FWHM_{727}
1.330903312
0.000827453
48
FWHM_{860}
1.462614757
0.000934755
49
FWHM_{2614}
2.955128342
0.003194335

DS3
42
FWHM_{238}
0.778475925
0.000440231
43
FWHM_{240}
0.781735524
0.000437446
44
FWHM_{277}
0.830950745
0.000409959
45
FWHM_{300}
0.860670156
0.000405569
46
FWHM_{583}
1.188699985
0.00061298
47
FWHM_{727}
1.336857431
0.00072529
48
FWHM_{860}
1.466933257
0.000817373
49
FWHM_{2614}
2.934795859
0.002651919

DS4
42
FWHM_{238}
0.754731198
0.000470939
43
FWHM_{240}
0.757366102
0.000468277
44
FWHM_{277}
0.797432532
0.000440553
45
FWHM_{300}
0.821869286
0.000434483
46
FWHM_{583}
1.101013933
0.000615586
47
FWHM_{727}
1.231432982
0.000718633
48
FWHM_{860}
1.347619731
0.000801482
49
FWHM_{2614}
2.72195562
0.002458577

DS5a
42
FWHM_{238}
0.969604272664981
0.00170048526059545
43
FWHM_{240}
0.973224273058406
0.00169121048430604
44
FWHM_{277}
1.02790464483837
0.00159494367422069
45
FWHM_{300}
1.06093602619512
0.00157361605912354
46
FWHM_{583}
1.4246828114251
0.00215382809136542
47
FWHM_{727}
1.58795612534288
0.00246059868995558
48
FWHM_{860}
1.73066313290747
0.00267770338843519
49
FWHM_{2614}
3.30501688115646
0.00577018525176698

DS5b
42
FWHM_{238}
0.784040337306209
0.000404826546179989
43FWHM_{240}
0.787138708707175
0.000402386598603841
44
FWHM_{277}
0.834043571032339
0.000377871925373092
45
FWHM_{300}
0.862471856758248
0.000373580161335778
46
FWHM_{583}
1.18008104511637
0.000561702914402078
47
FWHM_{727}
1.32523953847613
0.000666756645092295
48
FWHM_{860}
1.45334573684261
0.0007531807002037
49
FWHM_{2614}
2.92576787197913
0.00240847110507564

DS5c
42
FWHM_{238}
0.758468713
0.000472926
43
FWHM_{240}
0.7616778
0.000469923
44
FWHM_{277}
0.810123069
0.000440717
45
FWHM_{300}
0.839371511
0.000436602
46
FWHM_{583}
1.162027595
0.000670392
47
FWHM_{727}
1.30772532
0.000794701
48
FWHM_{860}
1.435656717
0.00089611
49
FWHM_{2614}
2.881836998
0.002868928

DS6
42
FWHM_{238}
0.750656819
0.000332975
43
FWHM_{240}
0.753856971
0.000330855
44
FWHM_{277}
0.802142004
0.000310308
45
FWHM_{300}
0.831272064
0.000307487
46
FWHM_{583}
1.151756979
0.000472122
47
FWHM_{727}
1.29604904
0.000558956
48
FWHM_{860}
1.422564723
0.000629496
49
FWHM_{2614}
2.844742005
0.00201732



