0 0 173 642 1426621 590.8 9 
1 0 133 614 1425381 949 13
2 0 124 680 1426622 689 10
3 0 161 628 1425742 732 11
4 0 145 592 28469 557 13
5 0 113 688 1426612 811 12
6 0 142 598 28470 564 13
7 0 114 640 1425380 968 13
8 0 153 656 1426610 632 11
9 0 171 646 28482 561 13
10 0 134 610 1425730 1024 14
11 0 122 674 1426640 723 11
12 0 152 662 1425751 730 11
13 0 151 664 28477 553 13
14 0 172 644 1425741 710 11
15 0 141 608 28455 558 13
16 0 111 692 1426981 510 10
17 0 112 690 1425750 979 13
18 0 123 576 1426650 659 11
19 0 162 626 1426611 675 12
20 0 144 594 28465 545 12
21 0 143 600 28463 567 13
22 0 163 624 1425740 701 11
23 0 154 696 1425731 982 13
24 1 174 592 1425370 964 13
25 1 173 594 1426621 590.8 9
26 1 133 608 1425381 949 13
27 1 161 632 1425742 732 11
28 1 145 614 28469 557 13
29 1 113 580 1426612 811 12
30 1 142 628 28470 564 13
31 1 114 578 1425380 968 13
32 1 153 672 1426610 632 11
33 1 171 600 28482 561 13
34 1 134 664 1425730 1024 14
35 1 122 648 1426640 723 11
36 1 121 692 28474 560 13
37 1 152 678 1425751 730 11
38 1 132 610 1426980 886 12
39 1 172 598 1425741 710 11
40 1 141 624 28455 558 13
41 1 164 690 1426620 572.2 9.4
42 1 112 582 1425750 979 13
43 1 123 640 1426650 659 11
44 1 144 694 28465 545 12
45 1 131 616 28480 551 13
46 1 163 626 1425740 701 11
47 2 174 592 1425370 964 13
48 2 173 594 1426621 590.8 9
49 2 133 608 1425381 949 13
50 2 161 632 1425742 732 11
51 2 113 580 1426612 811 12
52 2 114 578 1425380 968 13
53 2 153 672 1426610 632 11
54 2 171 600 28482 561 13
55 2 134 664 1425730 1024 14
56 2 122 648 1426640 723 11
57 2 121 692 28474 560 13
58 2 152 678 1425751 730 11
59 2 132 610 1426980 886 12
60 2 172 598 1425741 710 11
61 2 164 690 1426620 572.2 9.4
62 2 112 582 1425750 979 13
63 2 123 640 1426650 659 11
64 2 131 616 28480 551 13
65 2 163 626 1425740 701 11
66 3 174 592 1425370 964 13
67 3 173 594 1426621 590.8 9
68 3 133 608 1425381 949 13
69 3 161 632 1425742 732 11
70 3 145 614 28469 557 13
71 3 113 580 1426612 811 12
72 3 142 628 28470 564 13
73 3 114 578 1425380 968 13
74 3 153 672 1426610 632 11
75 3 171 600 28482 561 13
76 3 134 664 1425730 1024 14
77 3 122 648 1426640 723 11
78 3 121 692 28474 560 13
79 3 152 678 1425751 730 11
80 3 132 610 1426980 886 12
81 3 172 598 1425741 710 11
82 3 141 624 28455 558 13
83 3 164 690 1426620 572.2 9.4
84 3 112 582 1425750 979 13
85 3 123 640 1426650 659 11
86 3 144 694 28465 545 12
87 3 131 616 28480 551 13
88 3 143 688 28463 567 13
89 3 163 626 1425740 701 11
90 4 223 1106 28594 559 13
91 4 244 1136 28466 566 13
92 4 242 1208 28456 579 13
93 4 273 1236 1429090 562 10
94 4 213 1110 1427481 903 12
95 4 212 1142 1426641 576 9
96 4 262 1298 1429091 775 12
97 4 251 1330 28487 557 13
98 4 232 1172 1427491 852 11
99 4 261 1296 1235170 462.2 8.4
100 4 254 1302 1427120 802 11
101 4 211 1140 28459 556 13
102 4 231 1176 1427490 872 12
103 4 214 1204 1427480 917 12
104 4 241 1170 28607 558 13
105 4 274 1232 28717 567 13
106 4 253 1332 1428531 1031 13
107 4 222 1144 28576 562 13
108 4 221 1174 28481 581 13
109 4 272 1238 1427121 968 12
110 5a 174 672 1425370 964 13
111 5a 173 674 1426621 590.8 9
112 5a 223 1106 28594 559 13
113 5a 244 1120 28466 566 13
114 5a 133 608 1425381 949 13
115 5a 161 632 1425742 732 11
116 5a 145 614 28469 557 13
117 5a 242 1208 28456 579 13
118 5a 113 660 1426612 811 12
119 5a 273 1236 1429090 562 10
120 5a 213 1110 1427481 903 12
121 5a 142 628 28470 564 13
122 5a 212 1126 1426641 576 9
123 5a 114 658 1425380 968 13
124 5a 153 592 1426610 632 11
125 5a 171 680 28482 561 13
126 5a 262 1298 1429091 775 12
127 5a 134 584 1425730 1024 14
128 5a 251 1330 28487 557 13
129 5a 232 1172 1427491 852 11
130 5a 122 648 1426640 723 11
131 5a 121 692 28474 560 13
132 5a 261 1296 1235170 462.2 8.4
133 5a 152 598 1425751 730 11
134 5a 132 610 1426980 886 12
135 5a 254 1302 1427120 802 11
136 5a 211 1124 28459 556 13
137 5a 231 1176 1427490 872 12
138 5a 172 678 1425741 710 11
139 5a 214 1204 1427480 917 12
140 5a 241 1170 28607 558 13
141 5a 141 624 28455 558 13
142 5a 164 690 1426620 572.2 9.4
143 5a 112 662 1425750 979 13
144 5a 123 640 1426650 659 11
145 5a 274 1232 28717 567 13
146 5a 253 1332 1428531 1031 13
147 5a 144 694 28465 545 12
148 5a 131 616 28480 551 13
149 5a 143 688 28463 567 13
150 5a 163 626 1425740 701 11
151 5a 222 1128 28576 562 13
152 5a 221 1174 28481 581 13
153 5b 174 672 1425370 964 13
154 5b 173 674 1426621 590.8 9
155 5b 223 1106 28594 559 13
156 5b 244 1120 28466 566 13
157 5b 133 608 1425381 949 13
158 5b 161 632 1425742 732 11
159 5b 145 614 28469 557 13
160 5b 242 1208 28456 579 13
161 5b 113 660 1426612 811 12
162 5b 273 1236 1429090 562 10
163 5b 213 1110 1427481 903 12
164 5b 142 628 28470 564 13
165 5b 212 1126 1426641 576 9
166 5b 114 658 1425380 968 13
167 5b 153 592 1426610 632 11
168 5b 171 680 28482 561 13
169 5b 262 1298 1429091 775 12
170 5b 134 584 1425730 1024 14
171 5b 251 1330 28487 557 13
172 5b 232 1172 1427491 852 11
173 5b 122 648 1426640 723 11
174 5b 121 692 28474 560 13
175 5b 261 1296 1235170 462.2 8.4
176 5b 152 598 1425751 730 11
177 5b 132 610 1426980 886 12
178 5b 254 1302 1427120 802 11
179 5b 211 1124 28459 556 13
180 5b 231 1176 1427490 872 12
181 5b 172 678 1425741 710 11
182 5b 214 1204 1427480 917 12
183 5b 241 1170 28607 558 13
184 5b 141 624 28455 558 13
185 5b 164 690 1426620 572.2 9.4
186 5b 112 662 1425750 979 13
187 5b 123 640 1426650 659 11
188 5b 274 1232 28717 567 13
189 5b 253 1332 1428531 1031 13
190 5b 144 694 28465 545 12
191 5b 131 616 28480 551 13
192 5b 143 688 28463 567 13
193 5b 163 626 1425740 701 11
194 5b 222 1128 28576 562 13
195 5b 221 1174 28481 581 13
196 5c 174 672 1425370 964 13
197 5c 173 674 1426621 590.8 9
198 5c 223 1106 28594 559 13
199 5c 244 1120 28466 566 13
200 5c 133 608 1425381 949 13
201 5c 161 632 1425742 732 11
202 5c 145 614 28469 557 13
203 5c 242 1208 28456 579 13
204 5c 113 660 1426612 811 12
205 5c 273 1236 1429090 562 10
206 5c 213 1110 1427481 903 12
207 5c 142 628 28470 564 13
208 5c 212 1126 1426641 576 9
209 5c 114 658 1425380 968 13
210 5c 153 592 1426610 632 11
211 5c 171 680 28482 561 13
212 5c 262 1298 1429091 775 12
213 5c 134 584 1425730 1024 14
214 5c 251 1330 28487 557 13
215 5c 232 1172 1427491 852 11
216 5c 122 648 1426640 723 11
217 5c 121 692 28474 560 13
218 5c 261 1296 1235170 462.2 8.4
219 5c 152 598 1425751 730 11
220 5c 132 610 1426980 886 12
221 5c 254 1302 1427120 802 11
222 5c 211 1124 28459 556 13
223 5c 231 1176 1427490 872 12
224 5c 172 678 1425741 710 11
225 5c 214 1204 1427480 917 12
226 5c 241 1170 28607 558 13
227 5c 141 624 28455 558 13
228 5c 164 690 1426620 572.2 9.4
229 5c 112 662 1425750 979 13
230 5c 123 640 1426650 659 11
231 5c 274 1232 28717 567 13
232 5c 253 1332 1428531 1031 13
233 5c 144 694 28465 545 12
234 5c 131 616 28480 551 13
235 5c 143 688 28463 567 13
236 5c 163 626 1425740 701 11
237 5c 222 1128 28576 562 13
238 5c 221 1174 28481 581 13
239 6 174 672 1425370 964 13
240 6 173 674 1426621 590.8 9
241 6 223 1106 28594 559 13
242 6 244 1120 28466 566 13
243 6 133 608 1425381 949 13
244 6 161 632 1425742 732 11
245 6 145 614 28469 557 13
246 6 242 1208 28456 579 13
247 6 113 660 1426612 811 12
248 6 273 1236 1429090 562 10
249 6 213 1110 1427481 903 12
250 6 142 628 28470 564 13
251 6 212 1126 1426641 576 9
252 6 114 658 1425380 968 13
253 6 262 1298 1429091 775 12
254 6 134 584 1425730 1024 14
255 6 251 1330 28487 557 13
256 6 232 1172 1427491 852 11
257 6 171 680 28482 561 13
258 6 261 1296 1235170 462.2 8.4
259 6 152 598 1425751 730 11
260 6 132 610 1426980 886 12
261 6 254 1302 1427120 802 11
262 6 211 1124 28459 556 13
263 6 231 1176 1427490 872 12
264 6 172 678 1425741 710 11
265 6 214 1204 1427480 917 12
266 6 153 592 1426610 632 11
267 6 241 1170 28607 558 13
268 6 141 624 28455 558 13
269 6 164 690 1426620 572.2 9.4
270 6 112 662 1425750 979 13
271 6 123 640 1426650 659 11
272 6 274 1232 28717 567 13
273 6 253 1332 1428531 1031 13
274 6 144 694 28465 545 12
275 6 131 616 28480 551 13
276 6 143 688 28463 567 13
277 6 163 626 1425740 701 11
278 6 222 1128 28576 562 13
279 6 122 648 1426640 723 11
280 6 221 1174 28481 581 13
