1 1 174 592 1425370 964 13 53.8322
2 1 173 594 1426621 590.8 9 47.2601
3 1 133 608 1425381 949 13 56.9828
4 1 161 632 1425742 732 11 52.6169
5 1 113 580 1426612 811 12 57.8146
6 1 114 578 1425380 968 13 57.3137
7 1 153 672 1426610 632 11 49.6427
8 1 134 664 1425730 1024 14 54.2328
9 1 122 648 1426640 723 11 53.7221
10 1 132 610 1426980 886 12 56.8070
11 1 172 598 1425741 710 11 57.3239
12 1 164 690 1426620 572.2 9.4 57.4076
13 1 112 582 1425750 979 13 57.7280
14 1 123 640 1426650 659 11 57.8028
15 1 163 626 1425740 701 11 58.1395
16 2 174 592 1425370 964 13 9.4172
17 2 133 608 1425381 949 13 9.5501
18 2 161 632 1425742 732 11 8.2947
19 2 113 580 1426612 811 12 9.5383
20 2 114 578 1425380 968 13 9.5108
21 2 153 672 1426610 632 11 8.2947
22 2 134 664 1425730 1024 14 9.5255
23 2 122 648 1426640 723 11 8.9652
24 2 132 610 1426980 886 12 9.5495
25 2 172 598 1425741 710 11 9.5442
26 2 164 690 1426620 572.2 9.4 9.2410
27 2 112 582 1425750 979 13 9.5491
28 2 123 640 1426650 659 11 9.5505
29 2 163 626 1425740 701 11 9.5505
30 3 174 592 1425370 964 13 29.5845
31 3 173 594 P42662B 590.8 9 29.5808
32 3 133 608 1425381 949 13 28.5927
33 3 161 632 1425742 732 11 29.4943
34 3 113 580 1426612 811 12 28.6320
35 3 114 578 1425380 968 13 29.5789
36 3 153 672 1426610 632 11 29.5846
37 3 134 664 1425730 1024 14 28.5926
38 3 122 648 1426640 723 11 28.0681
39 3 152 678 1425751 730 11 29.5845
40 3 132 610 1426980 886 12 28.5925
41 3 172 598 1425741 710 11 29.5814
42 3 164 690 1426620 572.2 9.4 29.5843
43 3 112 582 1425750 979 13 29.5795
44 3 123 640 1426650 659 11 29.0160
45 3 163 626 1425740 701 11 29.5856
46 4 273 1236 1429090 562 10 18.8582
47 4 262 1298 1429091 775 12 18.8615
48 4 232 1172 1427491 852 11 18.7369
49 4 231 1176 1427490 872 12 18.7360
50 4 214 1204 1427480 917 12 18.7355
51 4 253 1332 1428531 1031 13 18.8582
52 5b 174 672 1425370 964 13 38.9648
53 5b 173 674 1426621 590.8 9 38.9648
54 5b 223 1106 28594 559 13 38.9123
55 5b 244 1120 28466 566 13 38.9072
56 5b 133 608 1425381 949 13 38.9655
57 5b 161 632 1425742 732 11 38.9646
58 5b 145 614 28469 557 13 38.8871
59 5b 242 1208 28456 579 13 38.8082
60 5b 113 660 1426612 811 12 38.9655
61 5b 273 1236 1429090 562 10 38.9046
62 5b 142 628 28470 564 13 38.9652
63 5b 114 658 1425380 968 13 38.9635
64 5b 153 592 1426610 632 11 38.9654
65 5b 171 680 28482 561 13 38.9655
66 5b 262 1298 1429091 775 12 32.9937
67 5b 134 584 1425730 1024 14 38.9651
68 5b 251 1330 28487 557 13 38.9162
69 5b 232 1172 1427491 852 11 38.9182
70 5b 122 648 1426640 723 11 38.9656
71 5b 121 692 28474 560 13 14.1160
72 5b 152 598 1425751 730 11 38.9655
73 5b 132 610 1426980 886 12 38.9653
74 5b 254 1302 1427120 802 11 38.9161
75 5b 211 1124 28459 556 13 38.8955
76 5b 231 1176 1427490 872 12 38.9174
77 5b 172 678 1425741 710 11 38.9616
78 5b 214 1204 1427480 917 12 38.9062
79 5b 241 1170 28607 558 13 38.8803
80 5b 141 624 28455 558 13 38.9517
81 5b 164 690 1426620 572.2 9.4 38.9648
82 5b 112 662 1425750 979 13 38.9615
83 5b 123 640 1426650 659 11 38.9654
84 5b 274 1232 28717 567 13 38.9172
85 5b 144 694 28465 545 12 38.9652
86 5b 143 688 28463 567 13 38.9570
87 5b 163 626 1425740 701 11 38.9597
88 5b 222 1128 28576 562 13 38.9177
89 5b 221 1174 28481 581 13 38.8827
90 5c 174 672 1425370 964 13 10.9943
91 5c 173 674 1426621 590.8 9 10.9945
92 5c 223 1106 28594 559 13 10.9609
93 5c 244 1120 28466 566 13 10.9326
94 5c 133 608 1425381 949 13 10.9947
95 5c 161 632 1425742 732 11 10.9948
96 5c 145 614 28469 557 13 10.9674
97 5c 242 1208 28456 579 13 10.9577
98 5c 113 660 1426612 811 12 10.9605
99 5c 142 628 28470 564 13 10.9822
100 5c 114 658 1425380 968 13 10.9739
101 5c 153 592 1426610 632 11 10.9947
102 5c 171 680 28482 561 13 10.9947
103 5c 262 1298 1429091 775 12 10.9755
104 5c 134 584 1425730 1024 14 10.9948
105 5c 251 1330 28487 557 13 10.9757
106 5c 232 1172 1427491 852 11 10.9754
107 5c 122 648 1426640 723 11 10.9949
108 5c 152 598 1425751 730 11 10.9904
109 5c 132 610 1426980 886 12 10.9507
110 5c 254 1302 1427120 802 11 10.0665
111 5c 211 1124 28459 556 13 10.9263
112 5c 231 1176 1427490 872 12 10.9753
113 5c 172 678 1425741 710 11 10.8839
114 5c 241 1170 28607 558 13 10.9687
115 5c 141 624 28455 558 13 10.9948
116 5c 164 690 1426620 572.2 9.4 10.9944
117 5c 112 662 1425750 979 13 10.9648
118 5c 123 640 1426650 659 11 10.9877
119 5c 144 694 28465 545 12 10.9945
120 5c 143 688 28463 567 13 10.9944
121 5c 163 626 1425740 701 11 10.9943
122 5c 222 1128 28576 562 13 10.9336
123 5c 221 1174 28481 581 13 10.9688
124 6 174 672 1425370 964 13 90.2166
125 6 173 674 1426621 590.8 9 69.4091
126 6 223 1106 28594 559 13 51.7875
127 6 244 1120 28466 566 13 69.6730
128 6 133 608 1425381 949 13 71.9241
129 6 161 632 1425742 732 11 78.7180
130 6 145 614 28469 557 13 81.4663
131 6 242 1208 28456 579 13 44.3492
132 6 113 660 1426612 811 12 90.2261
133 6 273 1236 1429090 562 10 88.6911
134 6 142 628 28470 564 13 49.0745
135 6 114 658 1425380 968 13 86.9489
136 6 262 1298 1429091 775 12 85.0817
137 6 134 584 1425730 1024 14 71.9221
138 6 251 1330 28487 557 13 87.8324
139 6 232 1172 1427491 852 11 89.9974
140 6 171 680 28482 561 13 90.2058
141 6 152 598 1425751 730 11 87.6340
142 6 132 610 1426980 886 12 78.7309
143 6 254 1302 1427120 802 11 21.0948
144 6 231 1176 1427490 872 12 89.9992
145 6 172 678 1425741 710 11 74.5583
146 6 214 1204 1427480 917 12 63.6406
147 6 153 592 1426610 632 11 87.6342
148 6 241 1170 28607 558 13 23.6496
149 6 141 624 28455 558 13 71.9127
150 6 164 690 1426620 572.2 9.4 63.1367
151 6 112 662 1425750 979 13 82.0904
152 6 123 640 1426650 659 11 90.2289
153 6 274 1232 28717 567 13 90.0032
154 6 144 694 28465 545 12 75.1165
155 6 143 688 28463 567 13 53.8522
156 6 163 626 1425740 701 11 73.7802
157 6 122 648 1426640 723 11 90.2300
158 6 221 1174 28481 581 13 32.4005
