0 1 174 592 1425370 964 13 53.8322 0.6998
1 1 173 594 1426621 590.8 9 47.2601 0.4253
2 1 133 608 1425381 949 13 56.9828 0.7408
3 1 161 632 1425742 732 11 52.6169 0.5788
4 1 113 580 1426612 811 12 57.8146 0.6938
5 1 114 578 1425380 968 13 57.3137 0.7451
6 1 153 672 1426610 632 11 49.6427 0.5816
7 1 134 664 1425730 1024 14 54.2328 0.7593
8 1 122 648 1426640 723 11 53.7221 0.5909
9 1 132 610 1426980 886 12 56.8070 0.6817
10 1 172 598 1425741 710 11 57.3239 0.6306
11 1 164 690 1426620 572.2 9.4 57.4076 0.5396
12 1 112 582 1425750 979 13 57.7280 0.7505
13 1 123 640 1426650 659 11 57.8028 0.6358
14 1 163 626 1425740 701 11 58.1395 0.6395
15 2 174 592 1425370 964 13 9.4172 0.1224
16 2 133 608 1425381 949 13 9.5501 0.1242
17 2 161 632 1425742 732 11 8.2947 0.0912
18 2 113 580 1426612 811 12 9.5383 0.1145
19 2 114 578 1425380 968 13 9.5108 0.1236
20 2 153 672 1426610 632 11 8.2947 0.1050
21 2 134 664 1425730 1024 14 9.5255 0.1334
22 2 122 648 1426640 723 11 8.9652 0.0986
23 2 132 610 1426980 886 12 9.5495 0.1146
24 2 172 598 1425741 710 11 9.5442 0.1050
25 2 164 690 1426620 572.2 9.4 9.2410 0.0869
26 2 112 582 1425750 979 13 9.5491 0.1241
27 2 123 640 1426650 659 11 9.5505 0.1051
28 2 163 626 1425740 701 11 9.5505 0.1051
29 3 174 592 1425370 964 13 29.5845 0.3846
30 3 173 594 P42662B 590.8 9 29.5808 0.2662
31 3 133 608 1425381 949 13 28.5927 0.3717
32 3 161 632 1425742 732 11 29.4943 0.3244
33 3 113 580 1426612 811 12 28.6320 0.3436
34 3 114 578 1425380 968 13 29.5789 0.3845
35 3 153 672 1426610 632 11 29.5846 0.3254
36 3 134 664 1425730 1024 14 28.5926 0.4003
37 3 122 648 1426640 723 11 28.0681 0.3087
38 3 152 678 1425751 730 11 29.5845 0.3254
39 3 132 610 1426980 886 12 28.5925 0.3431
40 3 172 598 1425741 710 11 29.5814 0.3254
41 3 164 690 1426620 572.2 9.4 29.5843 0.2781
42 3 112 582 1425750 979 13 29.5795 0.3845
43 3 123 640 1426650 659 11 29.0160 0.3192
44 3 163 626 1425740 701 11 29.5856 0.3254
45 4 273 1236 1429090 562 10 18.8582 0.1886
46 4 262 1298 1429091 775 12 18.8615 0.2263
47 4 232 1172 1427491 852 11 18.7369 0.2061
48 4 231 1176 1427490 872 12 18.7360 0.2248
49 4 214 1204 1427480 917 12 18.7355 0.2248
50 4 253 1332 1428531 1031 13 18.8582 0.2452
51 5b 174 672 1425370 964 13 38.9648 0.5065
52 5b 173 674 1426621 590.8 9 38.9648 0.3507
53 5b 223 1106 28594 559 13 38.9123 0.5059
54 5b 244 1120 28466 566 13 38.9072 0.5058
55 5b 133 608 1425381 949 13 38.9655 0.5066
56 5b 161 632 1425742 732 11 38.9646 0.4286
57 5b 145 614 28469 557 13 38.8871 0.5055
58 5b 242 1208 28456 579 13 38.8082 0.5045
59 5b 113 660 1426612 811 12 38.9655 0.4676
60 5b 273 1236 1429090 562 10 38.9046 0.3890
61 5b 142 628 28470 564 13 38.9652 0.5065
62 5b 114 658 1425380 968 13 38.9635 0.5065
63 5b 153 592 1426610 632 11 38.9654 0.4286
64 5b 171 680 28482 561 13 38.9655 0.5066
65 5b 262 1298 1429091 775 12 32.9937 0.3959
66 5b 134 584 1425730 1024 14 38.9651 0.5455
67 5b 251 1330 28487 557 13 38.9162 0.5059
68 5b 232 1172 1427491 852 11 38.9182 0.4281
69 5b 122 648 1426640 723 11 38.9656 0.4286
70 5b 121 692 28474 560 13 14.1160 0.1835
71 5b 152 598 1425751 730 11 38.9655 0.4286
72 5b 132 610 1426980 886 12 38.9653 0.4676
73 5b 254 1302 1427120 802 11 38.9161 0.4281
74 5b 211 1124 28459 556 13 38.8955 0.5056
75 5b 231 1176 1427490 872 12 38.9174 0.4670
76 5b 172 678 1425741 710 11 38.9616 0.4286
77 5b 214 1204 1427480 917 12 38.9062 0.4669
78 5b 241 1170 28607 558 13 38.8803 0.5054
79 5b 141 624 28455 558 13 38.9517 0.5064
80 5b 164 690 1426620 572.2 9.4 38.9648 0.3663
81 5b 112 662 1425750 979 13 38.9615 0.5065
82 5b 123 640 1426650 659 11 38.9654 0.4286
83 5b 274 1232 28717 567 13 38.9172 0.5059
84 5b 144 694 28465 545 12 38.9652 0.4676
85 5b 143 688 28463 567 13 38.9570 0.5064
86 5b 163 626 1425740 701 11 38.9597 0.4286
87 5b 222 1128 28576 562 13 38.9177 0.5059
88 5b 221 1174 28481 581 13 38.8827 0.5055
89 5c 174 672 1425370 964 13 10.9943 0.1429
90 5c 173 674 1426621 590.8 9 10.9945 0.0990
91 5c 223 1106 28594 559 13 10.9609 0.1425
92 5c 244 1120 28466 566 13 10.9326 0.1421
93 5c 133 608 1425381 949 13 10.9947 0.1391
94 5c 161 632 1425742 732 11 10.9948 0.1209
95 5c 145 614 28469 557 13 10.9674 0.1426
96 5c 242 1208 28456 579 13 10.9577 0.1424
97 5c 113 660 1426612 811 12 10.9605 0.1315
98 5c 142 628 28470 564 13 10.9822 0.1428
99 5c 114 658 1425380 968 13 10.9739 0.1427
100 5c 153 592 1426610 632 11 10.9947 0.1209
101 5c 171 680 28482 561 13 10.9947 0.1429
102 5c 262 1298 1429091 775 12 10.9755 0.1317
103 5c 134 584 1425730 1024 14 10.9948 0.1539
104 5c 251 1330 28487 557 13 10.9757 0.1427
105 5c 232 1172 1427491 852 11 10.9754 0.1207
106 5c 122 648 1426640 723 11 10.9949 0.1209
107 5c 152 598 1425751 730 11 10.9904 0.1209
108 5c 132 610 1426980 886 12 10.9507 0.1314
109 5c 254 1302 1427120 802 11 10.0665 0.1107
110 5c 211 1124 28459 556 13 10.9263 0.1420
111 5c 231 1176 1427490 872 12 10.9753 0.1317
112 5c 172 678 1425741 710 11 10.8839 0.1197
113 5c 241 1170 28607 558 13 10.9687 0.1426
114 5c 141 624 28455 558 13 10.9948 0.1429
115 5c 164 690 1426620 572.2 9.4 10.9944 0.1033
116 5c 112 662 1425750 979 13 10.9648 0.1425
117 5c 123 640 1426650 659 11 10.9877 0.1209
118 5c 144 694 28465 545 12 10.9945 0.1319
119 5c 143 688 28463 567 13 10.9944 0.1429
120 5c 163 626 1425740 701 11 10.9943 0.1209
121 5c 222 1128 28576 562 13 10.9336 0.1421
122 5c 221 1174 28481 581 13 10.9688 0.1426
123 6 174 672 1425370 964 13 90.2166 1.1728
124 6 173 674 1426621 590.8 9 69.4091 0.6247
125 6 223 1106 28594 559 13 51.7875 0.6732
126 6 244 1120 28466 566 13 69.6730 0.9057
127 6 133 608 1425381 949 13 71.9241 0.9350
128 6 161 632 1425742 732 11 78.7180 0.8659
129 6 145 614 28469 557 13 81.4663 1.0591
130 6 242 1208 28456 579 13 44.3492 0.5765
131 6 113 660 1426612 811 12 90.2261 1.0827
132 6 273 1236 1429090 562 10 88.6911 0.8869
133 6 142 628 28470 564 13 49.0745 0.6380
134 6 114 658 1425380 968 13 86.9489 1.1303
135 6 262 1298 1429091 775 12 85.0817 1.021
136 6 134 584 1425730 1024 14 71.9221 1.0069
137 6 251 1330 28487 557 13 87.8324 1.1418
138 6 232 1172 1427491 852 11 89.9974 0.99
139 6 171 680 28482 561 13 90.2058 1.1727
140 6 152 598 1425751 730 11 87.6340 0.9640
141 6 132 610 1426980 886 12 78.7309 0.9448
142 6 254 1302 1427120 802 11 21.0948 0.232
143 6 231 1176 1427490 872 12 89.9992 1.08
144 6 172 678 1425741 710 11 74.5583 0.8210
145 6 214 1204 1427480 917 12 63.6406 0.7637
146 6 153 592 1426610 632 11 87.6342 0.964
147 6 241 1170 28607 558 13 23.6496 0.3074
148 6 141 624 28455 558 13 71.9127 0.9349
149 6 164 690 1426620 572.2 9.4 63.1367 0.5935
150 6 112 662 1425750 979 13 82.0904 1.0672
151 6 123 640 1426650 659 11 90.2289 0.9925
152 6 274 1232 28717 567 13 90.0032 1.17
153 6 144 694 28465 545 12 75.1165 0.9014
154 6 143 688 28463 567 13 53.8522 0.7001
155 6 163 626 1425740 701 11 73.7802 0.8116
156 6 122 648 1426640 723 11 90.2300 0.9925
157 6 221 1174 28481 581 13 32.4005 0.4212
