0 173 642 1426621 590.8 9
0 133 614 1425381 949 13
0 124 680 1426622 689 10
0 161 628 1425742 732 11
0 145 592 28469 557 13
0 113 688 1426612 811 12
0 142 598 28470 564 13
0 114 640 1425380 968 13
0 153 656 1426610 632 11
0 171 646 28482 561 13
0 134 610 1425730 1024 14
0 122 674 1426640 723 11
0 152 662 1425751 730 11
0 151 664 28477 553 13
0 172 644 1425741 710 11
0 141 608 28455 558 13
0 111 692 1426981 510 10
0 112 690 1425750 979 13
0 123 576 1426650 659 11
0 162 626 1426611 675 12
0 144 594 28465 545 12
0 143 600 28463 567 13
0 163 624 1425740 701 11
0 154 696 1425731 982 13
1 174 592 1425370 964 13
1 173 594 1426621 590.8 9
1 133 608 1425381 949 13
1 161 632 1425742 732 11
1 145 614 28469 557 13
1 113 580 1426612 811 12
1 142 628 28470 564 13
1 114 578 1425380 968 13
1 153 672 1426610 632 11
1 171 600 28482 561 13
1 134 664 1425730 1024 14
1 122 648 1426640 723 11
1 121 692 28474 560 13
1 152 678 1425751 730 11
1 132 610 1426980 886 12
1 172 598 1425741 710 11
1 141 624 28455 558 13
1 164 690 1426620 572.2 9.4
1 112 582 1425750 979 13
1 123 640 1426650 659 11
1 144 694 28465 545 12
1 131 616 28480 551 13
1 163 626 1425740 701 11
2 174 592 1425370 964 13
2 173 594 1426621 590.8 9
2 133 608 1425381 949 13
2 161 632 1425742 732 11
2 113 580 1426612 811 12
2 114 578 1425380 968 13
2 153 672 1426610 632 11
2 171 600 28482 561 13
2 134 664 1425730 1024 14
2 122 648 1426640 723 11
2 121 692 28474 560 13
2 152 678 1425751 730 11
2 132 610 1426980 886 12
2 172 598 1425741 710 11
2 164 690 1426620 572.2 9.4
2 112 582 1425750 979 13
2 123 640 1426650 659 11
2 131 616 28480 551 13
2 163 626 1425740 701 11
3 174 592 1425370 964 13
3 173 594 1426621 590.8 9
3 133 608 1425381 949 13
3 161 632 1425742 732 11
3 145 614 28469 557 13
3 113 580 1426612 811 12
3 142 628 28470 564 13
3 114 578 1425380 968 13
3 153 672 1426610 632 11
3 171 600 28482 561 13
3 134 664 1425730 1024 14
3 122 648 1426640 723 11
3 121 692 28474 560 13
3 152 678 1425751 730 11
3 132 610 1426980 886 12
3 172 598 1425741 710 11
3 141 624 28455 558 13
3 164 690 1426620 572.2 9.4
3 112 582 1425750 979 13
3 123 640 1426650 659 11
3 144 694 28465 545 12
3 131 616 28480 551 13
3 143 688 28463 567 13
3 163 626 1425740 701 11
4 223 1106 28594 559 13
4 244 1136 28466 566 13
4 242 1208 28456 579 13
4 273 1236 1429090 562 10
4 213 1110 1427481 903 12
4 212 1142 1426641 576 9
4 262 1298 1429091 775 12
4 251 1330 28487 557 13
4 232 1172 1427491 852 11
4 261 1296 1235170 462.2 8.4
4 254 1302 1427120 802 11
4 211 1140 28459 556 13
4 231 1176 1427490 872 12
4 214 1204 1427480 917 12
4 241 1170 28607 558 13
4 274 1232 28717 567 13
4 253 1332 1428531 1031 13
4 222 1144 28576 562 13
4 221 1174 28481 581 13
4 272 1238 1427121 968 12
5 174 672 1425370 964 13
5 173 674 1426621 590.8 9
5 223 1106 28594 559 13
5 244 1120 28466 566 13
5 133 608 1425381 949 13
5 161 632 1425742 732 11
5 145 614 28469 557 13
5 242 1208 28456 579 13
5 113 660 1426612 811 12
5 273 1236 1429090 562 10
5 213 1110 1427481 903 12
5 142 628 28470 564 13
5 212 1126 1426641 576 9
5 114 658 1425380 968 13
5 153 592 1426610 632 11
5 171 680 28482 561 13
5 262 1298 1429091 775 12
5 134 584 1425730 1024 14
5 251 1330 28487 557 13
5 232 1172 1427491 852 11
5 122 648 1426640 723 11
5 121 692 28474 560 13
5 261 1296 1235170 462.2 8.4
5 152 598 1425751 730 11
5 132 610 1426980 886 12
5 254 1302 1427120 802 11
5 211 1124 28459 556 13
5 231 1176 1427490 872 12
5 172 678 1425741 710 11
5 214 1204 1427480 917 12
5 241 1170 28607 558 13
5 141 624 28455 558 13
5 164 690 1426620 572.2 9.4
5 112 662 1425750 979 13
5 123 640 1426650 659 11
5 274 1232 28717 567 13
5 253 1332 1428531 1031 13
5 144 694 28465 545 12
5 131 616 28480 551 13
5 143 688 28463 567 13
5 163 626 1425740 701 11
5 222 1128 28576 562 13
5 221 1174 28481 581 13
6 174 672 1425370 964 13
6 173 674 1426621 590.8 9
6 223 1106 28594 559 13
6 244 1120 28466 566 13
6 133 608 1425381 949 13
6 161 632 1425742 732 11
6 145 614 28469 557 13
6 242 1208 28456 579 13
6 113 660 1426612 811 12
6 273 1236 1429090 562 10
6 213 1110 1427481 903 12
6 142 628 28470 564 13
6 212 1126 1426641 576 9
6 114 658 1425380 968 13
6 262 1298 1429091 775 12
6 134 584 1425730 1024 14
6 251 1330 28487 557 13
6 232 1172 1427491 852 11
6 171 680 28482 561 13
6 261 1296 1235170 462.2 8.4
6 152 598 1425751 730 11
6 132 610 1426980 886 12
6 254 1302 1427120 802 11
6 211 1124 28459 556 13
6 231 1176 1427490 872 12
6 172 678 1425741 710 11
6 214 1204 1427480 917 12
6 153 592 1426610 632 11
6 241 1170 28607 558 13
6 141 624 28455 558 13
6 164 690 1426620 572.2 9.4
6 112 662 1425750 979 13
6 123 640 1426650 659 11
6 274 1232 28717 567 13
6 253 1332 1428531 1031 13
6 144 694 28465 545 12
6 131 616 28480 551 13
6 143 688 28463 567 13
6 163 626 1425740 701 11
6 222 1128 28576 562 13
6 122 648 1426640 723 11
6 221 1174 28481 581 13